355.5 179.5
357.2101 179.8015
358.714 180.6698
359.8301 182.0
360.424 183.6318
360.424 185.3683
359.8301 187.0
358.7139 188.3302
357.2101 189.1985
355.5 189.5
354.8919 189.5371
354.2928 189.6479
353.71 189.8259
353.139 190.0393
352.5655 190.2461
351.9984 190.4693
351.4582 190.751
350.9562 191.0963
350.5 191.5
350.0438 191.9038
349.5418 192.249
349.0016 192.5307
348.4345 192.754
347.861 192.9607
347.29 193.1741
346.7072 193.3521
346.1081 193.4629
345.5 193.5
344.8919 193.5371
344.2928 193.6479
343.71 193.8259
343.139 194.0393
342.5655 194.2461
341.9984 194.4693
341.4582 194.751
340.9562 195.0963
340.5 195.5
340.0438 195.9038
339.5418 196.249
339.0016 196.5307
338.4345 196.754
337.861 196.9607
337.29 197.1741
336.7072 197.3521
336.1081 197.4629
335.5 197.5
334.8919 197.5371
334.2928 197.6479
333.71 197.8259
333.139 198.0393
332.5655 198.2461
331.9984 198.4693
331.4582 198.751
330.9562 199.0963
330.5 199.5
330.0438 199.9038
329.5418 200.249
329.0016 200.5307
328.4345 200.754
327.861 200.9607
327.29 201.1741
326.7072 201.3521
326.1081 201.4629
325.5 201.5
324.8919 201.5371
324.2928 201.6479
323.71 201.8259
323.139 202.0393
322.5655 202.2461
321.9984 202.4693
321.4582 202.751
320.9562 203.0963
320.5 203.5
320.0438 203.9038
319.5418 204.249
319.0016 204.5307
318.4345 204.754
317.861 204.9607
317.29 205.1741
316.7072 205.3521
316.1081 205.4629
315.5 205.5
314.8919 205.5371
314.2928 205.6479
313.71 205.8259
313.139 206.0393
312.5655 206.2461
311.9984 206.4693
311.4582 206.751
310.9562 207.0963
310.5 207.5
310.0438 207.9038
309.5418 208.249
309.0016 208.5307
308.4345 208.754
307.861 208.9607
307.29 209.1741
306.7072 209.3521
306.1081 209.4629
305.5 209.5
304.8919 209.5371
304.2928 209.6479
303.71 209.8259
303.139 210.0393
302.5655 210.2461
301.9984 210.4693
301.4582 210.751
300.9562 211.0963
300.5 211.5
300.0438 211.9038
299.5418 212.249
299.0016 212.5307
298.4345 212.754
297.861 212.9607
297.29 213.1741
296.7072 213.3521
296.1081 213.4629
295.5 213.5
294.8919 213.5371
294.2928 213.6479
293.71 213.8259
293.139 214.0393
292.5655 214.2461
291.9984 214.4693
291.4582 214.751
290.9562 215.0963
290.5 215.5
290.0438 215.9038
289.5418 216.249
289.0016 216.5307
288.4345 216.754
287.861 216.9607
287.29 217.1741
286.7072 217.3521
286.1081 217.4629
285.5 217.5
284.8919 217.5371
284.2928 217.6479
283.71 217.8259
283.139 218.0393
282.5655 218.2461
281.9984 218.4693
281.4582 218.751
280.9562 219.0963
280.5 219.5
280.0438 219.9038
279.5418 220.249
279.0016 220.5307
278.4345 220.754
277.861 220.9607
277.29 221.1741
276.7072 221.3521
276.1081 221.4629
275.5 221.5
274.8919 221.5371
274.2928 221.6479
273.71 221.8259
273.139 222.0393
272.5655 222.2461
271.9984 222.4693
271.4582 222.751
270.9562 223.0963
270.5 223.5
270.0438 223.9038
269.5418 224.249
269.0016 224.5307
268.4345 224.754
267.861 224.9607
267.29 225.1741
266.7072 225.3521
266.1081 225.4629
265.5 225.5
264.8919 225.5371
264.2928 225.6479
263.71 225.8259
263.139 226.0393
262.5655 226.2461
261.9984 226.4693
261.4582 226.751
260.9562 227.0963
260.5 227.5
260.0438 227.9038
259.5418 228.249
259.0016 228.5307
258.4345 228.754
257.861 228.9607
257.29 229.1741
256.7072 229.3521
256.1081 229.4629
255.5 229.5
254.8919 229.5371
254.2928 229.6479
253.71 229.8259
253.139 230.0393
252.5655 230.2461
251.9984 230.4693
251.4582 230.751
250.9562 231.0963
250.5 231.5
250.3889 231.6111
250.2778 231.7222
250.1667 231.8333
250.0556 231.9444
249.9444 232.0556
249.8333 232.1667
249.7222 232.2778
249.6111 232.3889
249.5 232.5
249.0438 232.9038
248.5418 233.249
248.0016 233.5307
247.4345 233.754
246.861 233.9607
246.29 234.1741
245.7072 234.3521
245.1081 234.4629
244.5 234.5
243.8919 234.5371
243.2928 234.6479
242.71 234.8259
242.139 235.0393
241.5655 235.2461
240.9984 235.4693
240.4582 235.751
239.9562 236.0963
239.5 236.5
239.3889 236.6111
239.2778 236.7222
239.1667 236.8333
239.0556 236.9444
238.9444 237.0556
238.8333 237.1667
238.7222 237.2778
238.6111 237.3889
238.5 237.5
238.0438 237.9038
237.5418 238.249
237.0016 238.5307
236.4345 238.754
235.861 238.9607
235.29 239.1741
234.7072 239.3521
234.1081 239.4629
233.5 239.5
233.3889 239.5
233.2778 239.5
233.1667 239.5
233.0556 239.5
232.9444 239.5
232.8333 239.5
232.7222 239.5
232.6111 239.5
232.5 239.5
232.3889 239.5
232.2778 239.5
232.1667 239.5
232.0556 239.5
231.9444 239.5
231.8333 239.5
231.7222 239.5
231.6111 239.5
231.5 239.5
231.3889 239.5
231.2778 239.5
231.1667 239.5
231.0556 239.5
230.9444 239.5
230.8333 239.5
230.7222 239.5
230.6111 239.5
230.5 239.5
229.8919 239.5371
229.2928 239.6479
228.71 239.8259
228.139 240.0393
227.5655 240.2461
226.9984 240.4693
226.4582 240.751
225.9562 241.0963
225.5 241.5
225.3889 241.6111
225.2778 241.7222
225.1667 241.8333
225.0556 241.9444
224.9444 242.0556
224.8333 242.1667
224.7222 242.2778
224.6111 242.3889
224.5 242.5
224.3889 242.6111
224.2778 242.7222
224.1667 242.8333
224.0556 242.9444
223.9444 243.0556
223.8333 243.1667
223.7222 243.2778
223.6111 243.3889
223.5 243.5
223.3889 243.6111
223.2778 243.7222
223.1667 243.8333
223.0556 243.9444
222.9444 244.0556
222.8333 244.1667
222.7222 244.2778
222.6111 244.3889
222.5 244.5
222.3889 244.6111
222.2778 244.7222
222.1667 244.8333
222.0556 244.9444
221.9444 245.0556
221.8333 245.1667
221.7222 245.2778
221.6111 245.3889
221.5 245.5
221.3889 245.6111
221.2778 245.7222
221.1667 245.8333
221.0556 245.9444
220.9444 246.0556
220.8333 246.1667
220.7222 246.2778
220.6111 246.3889
220.5 246.5
220.0962 246.9562
219.751 247.4582
219.4693 247.9984
219.246 248.5655
219.0393 249.139
218.8259 249.71
218.6479 250.2928
218.5371 250.8919
218.5 251.5
218.5 251.6111
218.5 251.7222
218.5 251.8333
218.5 251.9444
218.5 252.0556
218.5 252.1667
218.5 252.2778
218.5 252.3889
218.5 252.5
218.5 252.6111
218.5 252.7222
218.5 252.8333
218.5 252.9444
218.5 253.0556
218.5 253.1667
218.5 253.2778
218.5 253.3889
218.5 253.5
218.5 253.6111
218.5 253.7222
218.5 253.8333
218.5 253.9444
218.5 254.0556
218.5 254.1667
218.5 254.2778
218.5 254.3889
218.5 254.5
218.5 254.6111
218.5 254.7222
218.5 254.8333
218.5 254.9444
218.5 255.0556
218.5 255.1667
218.5 255.2778
218.5 255.3889
218.5 255.5
218.5 255.6111
218.5 255.7222
218.5 255.8333
218.5 255.9444
218.5 256.0556
218.5 256.1667
218.5 256.2778
218.5 256.3889
218.5 256.5
218.5 256.6111
218.5 256.7222
218.5 256.8333
218.5 256.9444
218.5 257.0556
218.5 257.1667
218.5 257.2778
218.5 257.3889
218.5 257.5
218.5 257.6111
218.5 257.7222
218.5 257.8333
218.5 257.9444
218.5 258.0556
218.5 258.1667
218.5 258.2778
218.5 258.3889
218.5 258.5
218.5 258.6111
218.5 258.7222
218.5 258.8333
218.5 258.9444
218.5 259.0556
218.5 259.1667
218.5 259.2778
218.5 259.3889
218.5 259.5
218.5 259.6111
218.5 259.7222
218.5 259.8333
218.5 259.9444
218.5 260.0556
218.5 260.1667
218.5 260.2778
218.5 260.3889
218.5 260.5
218.5 260.6111
218.5 260.7222
218.5 260.8333
218.5 260.9444
218.5 261.0556
218.5 261.1667
218.5 261.2778
218.5 261.3889
218.5 261.5
218.5 261.6111
218.5 261.7222
218.5 261.8333
218.5 261.9444
218.5 262.0556
218.5 262.1667
218.5 262.2778
218.5 262.3889
218.5 262.5
218.5 262.6111
218.5 262.7222
218.5 262.8333
218.5 262.9444
218.5 263.0556
218.5 263.1667
218.5 263.2778
218.5 263.3889
218.5 263.5
218.5 263.6111
218.5 263.7222
218.5 263.8333
218.5 263.9444
218.5 264.0556
218.5 264.1667
218.5 264.2778
218.5 264.3889
218.5 264.5
218.5 264.6111
218.5 264.7222
218.5 264.8333
218.5 264.9444
218.5 265.0556
218.5 265.1667
218.5 265.2778
218.5 265.3889
218.5 265.5
218.5 265.6111
218.5 265.7222
218.5 265.8333
218.5 265.9444
218.5 266.0556
218.5 266.1667
218.5 266.2778
218.5 266.3889
218.5 266.5
218.5 266.6111
218.5 266.7222
218.5 266.8333
218.5 266.9444
218.5 267.0556
218.5 267.1667
218.5 267.2778
218.5 267.3889
218.5 267.5
218.5 267.6111
218.5 267.7222
218.5 267.8333
218.5 267.9444
218.5 268.0556
218.5 268.1667
218.5 268.2778
218.5 268.3889
218.5 268.5
218.5 268.6111
218.5 268.7222
218.5 268.8333
218.5 268.9444
218.5 269.0556
218.5 269.1667
218.5 269.2778
218.5 269.3889
218.5 269.5
218.5 269.6111
218.5 269.7222
218.5 269.8333
218.5 269.9444
218.5 270.0556
218.5 270.1667
218.5 270.2778
218.5 270.3889
218.5 270.5
218.5 270.6111
218.5 270.7222
218.5 270.8333
218.5 270.9444
218.5 271.0556
218.5 271.1667
218.5 271.2778
218.5 271.3889
218.5 271.5
218.5 271.6111
218.5 271.7222
218.5 271.8333
218.5 271.9444
218.5 272.0556
218.5 272.1667
218.5 272.2778
218.5 272.3889
218.5 272.5
218.5 272.6111
218.5 272.7222
218.5 272.8333
218.5 272.9444
218.5 273.0556
218.5 273.1667
218.5 273.2778
218.5 273.3889
218.5 273.5
218.5 273.6111
218.5 273.7222
218.5 273.8333
218.5 273.9444
218.5 274.0556
218.5 274.1667
218.5 274.2778
218.5 274.3889
218.5 274.5
218.5 274.6111
218.5 274.7222
218.5 274.8333
218.5 274.9444
218.5 275.0556
218.5 275.1667
218.5 275.2778
218.5 275.3889
218.5 275.5
218.5 275.6111
218.5 275.7222
218.5 275.8333
218.5 275.9444
218.5 276.0556
218.5 276.1667
218.5 276.2778
218.5 276.3889
218.5 276.5
218.5 276.6111
218.5 276.7222
218.5 276.8333
218.5 276.9444
218.5 277.0556
218.5 277.1667
218.5 277.2778
218.5 277.3889
218.5 277.5
218.5 277.6111
218.5 277.7222
218.5 277.8333
218.5 277.9444
218.5 278.0556
218.5 278.1667
218.5 278.2778
218.5 278.3889
218.5 278.5
218.5 278.6111
218.5 278.7222
218.5 278.8333
218.5 278.9444
218.5 279.0556
218.5 279.1667
218.5 279.2778
218.5 279.3889
218.5 279.5
218.5 279.6111
218.5 279.7222
218.5 279.8333
218.5 279.9444
218.5 280.0556
218.5 280.1667
218.5 280.2778
218.5 280.3889
218.5 280.5
218.5 280.6111
218.5 280.7222
218.5 280.8333
218.5 280.9444
218.5 281.0556
218.5 281.1667
218.5 281.2778
218.5 281.3889
218.5 281.5
218.5 281.6111
218.5 281.7222
218.5 281.8333
218.5 281.9444
218.5 282.0556
218.5 282.1667
218.5 282.2778
218.5 282.3889
218.5 282.5
218.5 282.6111
218.5 282.7222
218.5 282.8333
218.5 282.9444
218.5 283.0556
218.5 283.1667
218.5 283.2778
218.5 283.3889
218.5 283.5
218.5 283.6111
218.5 283.7222
218.5 283.8333
218.5 283.9444
218.5 284.0556
218.5 284.1667
218.5 284.2778
218.5 284.3889
218.5 284.5
218.5 284.6111
218.5 284.7222
218.5 284.8333
218.5 284.9444
218.5 285.0556
218.5 285.1667
218.5 285.2778
218.5 285.3889
218.5 285.5
218.5 285.6111
218.5 285.7222
218.5 285.8333
218.5 285.9444
218.5 286.0556
218.5 286.1667
218.5 286.2778
218.5 286.3889
218.5 286.5
218.5 286.6111
218.5 286.7222
218.5 286.8333
218.5 286.9444
218.5 287.0556
218.5 287.1667
218.5 287.2778
218.5 287.3889
218.5 287.5
218.5 287.6111
218.5 287.7222
218.5 287.8333
218.5 287.9444
218.5 288.0556
218.5 288.1667
218.5 288.2778
218.5 288.3889
218.5 288.5
218.5 288.6111
218.5 288.7222
218.5 288.8333
218.5 288.9444
218.5 289.0556
218.5 289.1667
218.5 289.2778
218.5 289.3889
218.5 289.5
218.5 289.6111
218.5 289.7222
218.5 289.8333
218.5 289.9444
218.5 290.0556
218.5 290.1667
218.5 290.2778
218.5 290.3889
218.5 290.5
218.5 290.6111
218.5 290.7222
218.5 290.8333
218.5 290.9444
218.5 291.0556
218.5 291.1667
218.5 291.2778
218.5 291.3889
218.5 291.5
218.5 291.6111
218.5 291.7222
218.5 291.8333
218.5 291.9444
218.5 292.0556
218.5 292.1667
218.5 292.2778
218.5 292.3889
218.5 292.5
218.5371 293.1081
218.6479 293.7072
218.8259 294.29
219.0393 294.861
219.2461 295.4345
219.4693 296.0016
219.751 296.5418
220.0963 297.0438
220.5 297.5
220.6111 297.6111
220.7222 297.7222
220.8333 297.8333
220.9444 297.9444
221.0556 298.0556
221.1667 298.1667
221.2778 298.2778
221.3889 298.3889
221.5 298.5
221.6111 298.6111
221.7222 298.7222
221.8333 298.8333
221.9444 298.9444
222.0556 299.0556
222.1667 299.1667
222.2778 299.2778
222.3889 299.3889
222.5 299.5
222.6111 299.6111
222.7222 299.7222
222.8333 299.8333
222.9444 299.9444
223.0556 300.0556
223.1667 300.1667
223.2778 300.2778
223.3889 300.3889
223.5 300.5
223.6111 300.6111
223.7222 300.7222
223.8333 300.8333
223.9444 300.9444
224.0556 301.0556
224.1667 301.1667
224.2778 301.2778
224.3889 301.3889
224.5 301.5
224.6111 301.6111
224.7222 301.7222
224.8333 301.8333
224.9444 301.9444
225.0556 302.0556
225.1667 302.1667
225.2778 302.2778
225.3889 302.3889
225.5 302.5
225.6111 302.6111
225.7222 302.7222
225.8333 302.8333
225.9444 302.9444
226.0556 303.0556
226.1667 303.1667
226.2778 303.2778
226.3889 303.3889
226.5 303.5
226.6111 303.6111
226.7222 303.7222
226.8333 303.8333
226.9444 303.9444
227.0556 304.0556
227.1667 304.1667
227.2778 304.2778
227.3889 304.3889
227.5 304.5
227.6111 304.6111
227.7222 304.7222
227.8333 304.8333
227.9444 304.9444
228.0556 305.0556
228.1667 305.1667
228.2778 305.2778
228.3889 305.3889
228.5 305.5
228.6111 305.6111
228.7222 305.7222
228.8333 305.8333
228.9444 305.9444
229.0556 306.0556
229.1667 306.1667
229.2778 306.2778
229.3889 306.3889
229.5 306.5
229.6111 306.6111
229.7222 306.7222
229.8333 306.8333
229.9444 306.9444
230.0556 307.0556
230.1667 307.1667
230.2778 307.2778
230.3889 307.3889
230.5 307.5
230.6111 307.6111
230.7222 307.7222
230.8333 307.8333
230.9444 307.9444
231.0556 308.0556
231.1667 308.1667
231.2778 308.2778
231.3889 308.3889
231.5 308.5
231.6111 308.6111
231.7222 308.7222
231.8333 308.8333
231.9444 308.9444
232.0556 309.0556
232.1667 309.1667
232.2778 309.2778
232.3889 309.3889
232.5 309.5
232.6111 309.6111
232.7222 309.7222
232.8333 309.8333
232.9444 309.9444
233.0556 310.0556
233.1667 310.1667
233.2778 310.2778
233.3889 310.3889
233.5 310.5
233.6111 310.6111
233.7222 310.7222
233.8333 310.8333
233.9444 310.9444
234.0556 311.0556
234.1667 311.1667
234.2778 311.2778
234.3889 311.3889
234.5 311.5
234.6111 311.6111
234.7222 311.7222
234.8333 311.8333
234.9444 311.9444
235.0556 312.0556
235.1667 312.1667
235.2778 312.2778
235.3889 312.3889
235.5 312.5
235.6111 312.6111
235.7222 312.7222
235.8333 312.8333
235.9444 312.9444
236.0556 313.0556
236.1667 313.1667
236.2778 313.2778
236.3889 313.3889
236.5 313.5
236.6111 313.6111
236.7222 313.7222
236.8333 313.8333
236.9444 313.9444
237.0556 314.0556
237.1667 314.1667
237.2778 314.2778
237.3889 314.3889
237.5 314.5
237.6111 314.6111
237.7222 314.7222
237.8333 314.8333
237.9444 314.9444
238.0556 315.0556
238.1667 315.1667
238.2778 315.2778
238.3889 315.3889
238.5 315.5
238.6111 315.6111
238.7222 315.7222
238.8333 315.8333
238.9444 315.9444
239.0556 316.0556
239.1667 316.1667
239.2778 316.2778
239.3889 316.3889
239.5 316.5
239.6111 316.6111
239.7222 316.7222
239.8333 316.8333
239.9444 316.9444
240.0556 317.0556
240.1667 317.1667
240.2778 317.2778
240.3889 317.3889
240.5 317.5
240.6111 317.6111
240.7222 317.7222
240.8333 317.8333
240.9444 317.9444
241.0556 318.0556
241.1667 318.1667
241.2778 318.2778
241.3889 318.3889
241.5 318.5
241.6111 318.6111
241.7222 318.7222
241.8333 318.8333
241.9444 318.9444
242.0556 319.0556
242.1667 319.1667
242.2778 319.2778
242.3889 319.3889
242.5 319.5
242.6111 319.6111
242.7222 319.7222
242.8333 319.8333
242.9444 319.9444
243.0556 320.0556
243.1667 320.1667
243.2778 320.2778
243.3889 320.3889
243.5 320.5
243.6111 320.6111
243.7222 320.7222
243.8333 320.8333
243.9444 320.9444
244.0556 321.0556
244.1667 321.1667
244.2778 321.2778
244.3889 321.3889
244.5 321.5
244.6111 321.6111
244.7222 321.7222
244.8333 321.8333
244.9444 321.9444
245.0556 322.0556
245.1667 322.1667
245.2778 322.2778
245.3889 322.3889
245.5 322.5
245.6111 322.6111
245.7222 322.7222
245.8333 322.8333
245.9444 322.9444
246.0556 323.0556
246.1667 323.1667
246.2778 323.2778
246.3889 323.3889
246.5 323.5
246.6111 323.6111
246.7222 323.7222
246.8333 323.8333
246.9444 323.9444
247.0556 324.0556
247.1667 324.1667
247.2778 324.2778
247.3889 324.3889
247.5 324.5
247.6111 324.6111
247.7222 324.7222
247.8333 324.8333
247.9444 324.9444
248.0556 325.0556
248.1667 325.1667
248.2778 325.2778
248.3889 325.3889
248.5 325.5
248.6111 325.6111
248.7222 325.7222
248.8333 325.8333
248.9444 325.9444
249.0556 326.0556
249.1667 326.1667
249.2778 326.2778
249.3889 326.3889
249.5 326.5
249.6111 326.6111
249.7222 326.7222
249.8333 326.8333
249.9444 326.9444
250.0556 327.0556
250.1667 327.1667
250.2778 327.2778
250.3889 327.3889
250.5 327.5
250.6111 327.6111
250.7222 327.7222
250.8333 327.8333
250.9444 327.9444
251.0556 328.0556
251.1667 328.1667
251.2778 328.2778
251.3889 328.3889
251.5 328.5
251.6111 328.6111
251.7222 328.7222
251.8333 328.8333
251.9444 328.9444
252.0556 329.0556
252.1667 329.1667
252.2778 329.2778
252.3889 329.3889
252.5 329.5
252.6111 329.6111
252.7222 329.7222
252.8333 329.8333
252.9444 329.9444
253.0556 330.0556
253.1667 330.1667
253.2778 330.2778
253.3889 330.3889
253.5 330.5
253.6111 330.6111
253.7222 330.7222
253.8333 330.8333
253.9444 330.9444
254.0556 331.0556
254.1667 331.1667
254.2778 331.2778
254.3889 331.3889
254.5 331.5
254.6111 331.6111
254.7222 331.7222
254.8333 331.8333
254.9444 331.9444
255.0556 332.0556
255.1667 332.1667
255.2778 332.2778
255.3889 332.3889
255.5 332.5
255.6111 332.6111
255.7222 332.7222
255.8333 332.8333
255.9444 332.9444
256.0556 333.0556
256.1667 333.1667
256.2778 333.2778
256.3889 333.3889
256.5 333.5
256.6111 333.6111
256.7222 333.7222
256.8333 333.8333
256.9444 333.9444
257.0556 334.0556
257.1667 334.1667
257.2778 334.2778
257.3889 334.3889
257.5 334.5
257.6111 334.6111
257.7222 334.7222
257.8333 334.8333
257.9444 334.9444
258.0556 335.0556
258.1667 335.1667
258.2778 335.2778
258.3889 335.3889
258.5 335.5
258.6111 335.6111
258.7222 335.7222
258.8333 335.8333
258.9444 335.9444
259.0556 336.0556
259.1667 336.1667
259.2778 336.2778
259.3889 336.3889
259.5 336.5
259.6111 336.6111
259.7222 336.7222
259.8333 336.8333
259.9444 336.9444
260.0556 337.0556
260.1667 337.1667
260.2778 337.2778
260.3889 337.3889
260.5 337.5
260.6111 337.6111
260.7222 337.7222
260.8333 337.8333
260.9444 337.9444
261.0556 338.0556
261.1667 338.1667
261.2778 338.2778
261.3889 338.3889
261.5 338.5
261.6111 338.6111
261.7222 338.7222
261.8333 338.8333
261.9444 338.9444
262.0556 339.0556
262.1667 339.1667
262.2778 339.2778
262.3889 339.3889
262.5 339.5
262.6111 339.6111
262.7222 339.7222
262.8333 339.8333
262.9444 339.9444
263.0556 340.0556
263.1667 340.1667
263.2778 340.2778
263.3889 340.3889
263.5 340.5
263.6111 340.6111
263.7222 340.7222
263.8333 340.8333
263.9444 340.9444
264.0556 341.0556
264.1667 341.1667
264.2778 341.2778
264.3889 341.3889
264.5 341.5
264.6111 341.6111
264.7222 341.7222
264.8333 341.8333
264.9444 341.9444
265.0556 342.0556
265.1667 342.1667
265.2778 342.2778
265.3889 342.3889
265.5 342.5
265.6111 342.6111
265.7222 342.7222
265.8333 342.8333
265.9444 342.9444
266.0556 343.0556
266.1667 343.1667
266.2778 343.2778
266.3889 343.3889
266.5 343.5
266.6111 343.6111
266.7222 343.7222
266.8333 343.8333
266.9444 343.9444
267.0556 344.0556
267.1667 344.1667
267.2778 344.2778
267.3889 344.3889
267.5 344.5
267.6111 344.6111
267.7222 344.7222
267.8333 344.8333
267.9444 344.9444
268.0556 345.0556
268.1667 345.1667
268.2778 345.2778
268.3889 345.3889
268.5 345.5
268.6111 345.6111
268.7222 345.7222
268.8333 345.8333
268.9444 345.9444
269.0556 346.0556
269.1667 346.1667
269.2778 346.2778
269.3889 346.3889
269.5 346.5
269.6111 346.6111
269.7222 346.7222
269.8333 346.8333
269.9444 346.9444
270.0556 347.0556
270.1667 347.1667
270.2778 347.2778
270.3889 347.3889
270.5 347.5
270.6111 347.6111
270.7222 347.7222
270.8333 347.8333
270.9444 347.9444
271.0556 348.0556
271.1667 348.1667
271.2778 348.2778
271.3889 348.3889
271.5 348.5
271.6111 348.6111
271.7222 348.7222
271.8333 348.8333
271.9444 348.9444
272.0556 349.0556
272.1667 349.1667
272.2778 349.2778
272.3889 349.3889
272.5 349.5
272.6111 349.6111
272.7222 349.7222
272.8333 349.8333
272.9444 349.9444
273.0556 350.0556
273.1667 350.1667
273.2778 350.2778
273.3889 350.3889
273.5 350.5
273.6111 350.6111
273.7222 350.7222
273.8333 350.8333
273.9444 350.9444
274.0556 351.0556
274.1667 351.1667
274.2778 351.2778
274.3889 351.3889
274.5 351.5
274.6111 351.6111
274.7222 351.7222
274.8333 351.8333
274.9444 351.9444
275.0556 352.0556
275.1667 352.1667
275.2778 352.2778
275.3889 352.3889
275.5 352.5
275.6111 352.6111
275.7222 352.7222
275.8333 352.8333
275.9444 352.9444
276.0556 353.0556
276.1667 353.1667
276.2778 353.2778
276.3889 353.3889
276.5 353.5
276.6111 353.6111
276.7222 353.7222
276.8333 353.8333
276.9444 353.9444
277.0556 354.0556
277.1667 354.1667
277.2778 354.2778
277.3889 354.3889
277.5 354.5
277.6111 354.6111
277.7222 354.7222
277.8333 354.8333
277.9444 354.9444
278.0556 355.0556
278.1667 355.1667
278.2778 355.2778
278.3889 355.3889
278.5 355.5
278.6111 355.6111
278.7222 355.7222
278.8333 355.8333
278.9444 355.9444
279.0556 356.0556
279.1667 356.1667
279.2778 356.2778
279.3889 356.3889
279.5 356.5
279.6111 356.6111
279.7222 356.7222
279.8333 356.8333
279.9444 356.9444
280.0556 357.0556
280.1667 357.1667
280.2778 357.2778
280.3889 357.3889
280.5 357.5
280.6111 357.6111
280.7222 357.7222
280.8333 357.8333
280.9444 357.9444
281.0556 358.0556
281.1667 358.1667
281.2778 358.2778
281.3889 358.3889
281.5 358.5
281.6111 358.6111
281.7222 358.7222
281.8333 358.8333
281.9444 358.9444
282.0556 359.0556
282.1667 359.1667
282.2778 359.2778
282.3889 359.3889
282.5 359.5
282.6111 359.6111
282.7222 359.7222
282.8333 359.8333
282.9444 359.9444
283.0556 360.0556
283.1667 360.1667
283.2778 360.2778
283.3889 360.3889
283.5 360.5
283.6111 360.6111
283.7222 360.7222
283.8333 360.8333
283.9444 360.9444
284.0556 361.0556
284.1667 361.1667
284.2778 361.2778
284.3889 361.3889
284.5 361.5
284.6111 361.6111
284.7222 361.7222
284.8333 361.8333
284.9444 361.9444
285.0556 362.0556
285.1667 362.1667
285.2778 362.2778
285.3889 362.3889
285.5 362.5
285.6111 362.6111
285.7222 362.7222
285.8333 362.8333
285.9444 362.9444
286.0556 363.0556
286.1667 363.1667
286.2778 363.2778
286.3889 363.3889
286.5 363.5
286.6111 363.6111
286.7222 363.7222
286.8333 363.8333
286.9444 363.9444
287.0556 364.0556
287.1667 364.1667
287.2778 364.2778
287.3889 364.3889
287.5 364.5
287.6111 364.6111
287.7222 364.7222
287.8333 364.8333
287.9444 364.9444
288.0556 365.0556
288.1667 365.1667
288.2778 365.2778
288.3889 365.3889
288.5 365.5
288.6111 365.6111
288.7222 365.7222
288.8333 365.8333
288.9444 365.9444
289.0556 366.0556
289.1667 366.1667
289.2778 366.2778
289.3889 366.3889
289.5 366.5
289.6111 366.6111
289.7222 366.7222
289.8333 366.8333
289.9444 366.9444
290.0556 367.0556
290.1667 367.1667
290.2778 367.2778
290.3889 367.3889
290.5 367.5
290.6111 367.6111
290.7222 367.7222
290.8333 367.8333
290.9444 367.9444
291.0556 368.0556
291.1667 368.1667
291.2778 368.2778
291.3889 368.3889
291.5 368.5
291.6111 368.6111
291.7222 368.7222
291.8333 368.8333
291.9444 368.9444
292.0556 369.0556
292.1667 369.1667
292.2778 369.2778
292.3889 369.3889
292.5 369.5
292.6111 369.6111
292.7222 369.7222
292.8333 369.8333
292.9444 369.9444
293.0556 370.0556
293.1667 370.1667
293.2778 370.2778
293.3889 370.3889
293.5 370.5
293.6111 370.6111
293.7222 370.7222
293.8333 370.8333
293.9444 370.9444
294.0556 371.0556
294.1667 371.1667
294.2778 371.2778
294.3889 371.3889
294.5 371.5
294.9038 371.9562
295.249 372.4582
295.5307 372.9984
295.754 373.5655
295.9607 374.139
296.1741 374.71
296.3521 375.2928
296.4629 375.8919
296.5 376.5
296.5 376.6111
296.5 376.7222
296.5 376.8333
296.5 376.9444
296.5 377.0556
296.5 377.1667
296.5 377.2778
296.5 377.3889
296.5 377.5
296.5 377.6111
296.5 377.7222
296.5 377.8333
296.5 377.9444
296.5 378.0556
296.5 378.1667
296.5 378.2778
296.5 378.3889
296.5 378.5
296.5 378.6111
296.5 378.7222
296.5 378.8333
296.5 378.9444
296.5 379.0556
296.5 379.1667
296.5 379.2778
296.5 379.3889
296.5 379.5
296.5 379.6111
296.5 379.7222
296.5 379.8333
296.5 379.9444
296.5 380.0556
296.5 380.1667
296.5 380.2778
296.5 380.3889
296.5 380.5
296.5 380.6111
296.5 380.7222
296.5 380.8333
296.5 380.9444
296.5 381.0556
296.5 381.1667
296.5 381.2778
296.5 381.3889
296.5 381.5
296.5 381.6111
296.5 381.7222
296.5 381.8333
296.5 381.9444
296.5 382.0556
296.5 382.1667
296.5 382.2778
296.5 382.3889
296.5 382.5
296.5 382.6111
296.5 382.7222
296.5 382.8333
296.5 382.9444
296.5 383.0556
296.5 383.1667
296.5 383.2778
296.5 383.3889
296.5 383.5
296.5 383.6111
296.5 383.7222
296.5 383.8333
296.5 383.9444
296.5 384.0556
296.5 384.1667
296.5 384.2778
296.5 384.3889
296.5 384.5
296.5 384.6111
296.5 384.7222
296.5 384.8333
296.5 384.9444
296.5 385.0556
296.5 385.1667
296.5 385.2778
296.5 385.3889
296.5 385.5
296.5 385.6111
296.5 385.7222
296.5 385.8333
296.5 385.9444
296.5 386.0556
296.5 386.1667
296.5 386.2778
296.5 386.3889
296.5 386.5
296.5 386.6111
296.5 386.7222
296.5 386.8333
296.5 386.9444
296.5 387.0556
296.5 387.1667
296.5 387.2778
296.5 387.3889
296.5 387.5
296.5 387.6111
296.5 387.7222
296.5 387.8333
296.5 387.9444
296.5 388.0556
296.5 388.1667
296.5 388.2778
296.5 388.3889
296.5 388.5
296.5 388.6111
296.5 388.7222
296.5 388.8333
296.5 388.9444
296.5 389.0556
296.5 389.1667
296.5 389.2778
296.5 389.3889
296.5 389.5
296.5 389.6111
296.5 389.7222
296.5 389.8333
296.5 389.9444
296.5 390.0556
296.5 390.1667
296.5 390.2778
296.5 390.3889
296.5 390.5
296.5 390.6111
296.5 390.7222
296.5 390.8333
296.5 390.9444
296.5 391.0556
296.5 391.1667
296.5 391.2778
296.5 391.3889
296.5 391.5
296.5 391.6111
296.5 391.7222
296.5 391.8333
296.5 391.9444
296.5 392.0556
296.5 392.1667
296.5 392.2778
296.5 392.3889
296.5 392.5
296.5 392.6111
296.5 392.7222
296.5 392.8333
296.5 392.9444
296.5 393.0556
296.5 393.1667
296.5 393.2778
296.5 393.3889
296.5 393.5
296.5 393.6111
296.5 393.7222
296.5 393.8333
296.5 393.9444
296.5 394.0556
296.5 394.1667
296.5 394.2778
296.5 394.3889
296.5 394.5
296.5 394.6111
296.5 394.7222
296.5 394.8333
296.5 394.9444
296.5 395.0556
296.5 395.1667
296.5 395.2778
296.5 395.3889
296.5 395.5
296.5 395.6111
296.5 395.7222
296.5 395.8333
296.5 395.9444
296.5 396.0556
296.5 396.1667
296.5 396.2778
296.5 396.3889
296.5 396.5
296.5 396.6111
296.5 396.7222
296.5 396.8333
296.5 396.9444
296.5 397.0556
296.5 397.1667
296.5 397.2778
296.5 397.3889
296.5 397.5
296.5 397.6111
296.5 397.7222
296.5 397.8333
296.5 397.9444
296.5 398.0556
296.5 398.1667
296.5 398.2778
296.5 398.3889
296.5 398.5
296.5 398.6111
296.5 398.7222
296.5 398.8333
296.5 398.9444
296.5 399.0556
296.5 399.1667
296.5 399.2778
296.5 399.3889
296.5 399.5
296.5 399.6111
296.5 399.7222
296.5 399.8333
296.5 399.9444
296.5 400.0556
296.5 400.1667
296.5 400.2778
296.5 400.3889
296.5 400.5
296.5 400.6111
296.5 400.7222
296.5 400.8333
296.5 400.9444
296.5 401.0556
296.5 401.1667
296.5 401.2778
296.5 401.3889
296.5 401.5
296.5 401.6111
296.5 401.7222
296.5 401.8333
296.5 401.9444
296.5 402.0556
296.5 402.1667
296.5 402.2778
296.5 402.3889
296.5 402.5
296.5 402.6111
296.5 402.7222
296.5 402.8333
296.5 402.9444
296.5 403.0556
296.5 403.1667
296.5 403.2778
296.5 403.3889
296.5 403.5
296.5 403.6111
296.5 403.7222
296.5 403.8333
296.5 403.9444
296.5 404.0556
296.5 404.1667
296.5 404.2778
296.5 404.3889
296.5 404.5
296.5 404.6111
296.5 404.7222
296.5 404.8333
296.5 404.9444
296.5 405.0556
296.5 405.1667
296.5 405.2778
296.5 405.3889
296.5 405.5
296.5 405.6111
296.5 405.7222
296.5 405.8333
296.5 405.9444
296.5 406.0556
296.5 406.1667
296.5 406.2778
296.5 406.3889
296.5 406.5
296.5 406.6111
296.5 406.7222
296.5 406.8333
296.5 406.9444
296.5 407.0556
296.5 407.1667
296.5 407.2778
296.5 407.3889
296.5 407.5
296.5 407.6111
296.5 407.7222
296.5 407.8333
296.5 407.9444
296.5 408.0556
296.5 408.1667
296.5 408.2778
296.5 408.3889
296.5 408.5
296.5 408.6111
296.5 408.7222
296.5 408.8333
296.5 408.9444
296.5 409.0556
296.5 409.1667
296.5 409.2778
296.5 409.3889
296.5 409.5
296.5 409.6111
296.5 409.7222
296.5 409.8333
296.5 409.9444
296.5 410.0556
296.5 410.1667
296.5 410.2778
296.5 410.3889
296.5 410.5
296.5 410.6111
296.5 410.7222
296.5 410.8333
296.5 410.9444
296.5 411.0556
296.5 411.1667
296.5 411.2778
296.5 411.3889
296.5 411.5
296.5 411.6111
296.5 411.7222
296.5 411.8333
296.5 411.9444
296.5 412.0556
296.5 412.1667
296.5 412.2778
296.5 412.3889
296.5 412.5
296.5 412.6111
296.5 412.7222
296.5 412.8333
296.5 412.9444
296.5 413.0556
296.5 413.1667
296.5 413.2778
296.5 413.3889
296.5 413.5
296.5 413.6111
296.5 413.7222
296.5 413.8333
296.5 413.9444
296.5 414.0556
296.5 414.1667
296.5 414.2778
296.5 414.3889
296.5 414.5
296.5 414.6111
296.5 414.7222
296.5 414.8333
296.5 414.9444
296.5 415.0556
296.5 415.1667
296.5 415.2778
296.5 415.3889
296.5 415.5
296.5 415.6111
296.5 415.7222
296.5 415.8333
296.5 415.9444
296.5 416.0556
296.5 416.1667
296.5 416.2778
296.5 416.3889
296.5 416.5
296.5 416.6111
296.5 416.7222
296.5 416.8333
296.5 416.9444
296.5 417.0556
296.5 417.1667
296.5 417.2778
296.5 417.3889
296.5 417.5
296.5 417.6111
296.5 417.7222
296.5 417.8333
296.5 417.9444
296.5 418.0556
296.5 418.1667
296.5 418.2778
296.5 418.3889
296.5 418.5
296.5 418.6111
296.5 418.7222
296.5 418.8333
296.5 418.9444
296.5 419.0556
296.5 419.1667
296.5 419.2778
296.5 419.3889
296.5 419.5
296.5 419.6111
296.5 419.7222
296.5 419.8333
296.5 419.9444
296.5 420.0556
296.5 420.1667
296.5 420.2778
296.5 420.3889
296.5 420.5
296.5 420.6111
296.5 420.7222
296.5 420.8333
296.5 420.9444
296.5 421.0556
296.5 421.1667
296.5 421.2778
296.5 421.3889
296.5 421.5
296.5 421.6111
296.5 421.7222
296.5 421.8333
296.5 421.9444
296.5 422.0556
296.5 422.1667
296.5 422.2778
296.5 422.3889
296.5 422.5
296.5 422.6111
296.5 422.7222
296.5 422.8333
296.5 422.9444
296.5 423.0556
296.5 423.1667
296.5 423.2778
296.5 423.3889
296.5 423.5
296.5 423.6111
296.5 423.7222
296.5 423.8333
296.5 423.9444
296.5 424.0556
296.5 424.1667
296.5 424.2778
296.5 424.3889
296.5 424.5
296.5 424.6111
296.5 424.7222
296.5 424.8333
296.5 424.9444
296.5 425.0556
296.5 425.1667
296.5 425.2778
296.5 425.3889
296.5 425.5
296.5 425.6111
296.5 425.7222
296.5 425.8333
296.5 425.9444
296.5 426.0556
296.5 426.1667
296.5 426.2778
296.5 426.3889
296.5 426.5
296.5 426.6111
296.5 426.7222
296.5 426.8333
296.5 426.9444
296.5 427.0556
296.5 427.1667
296.5 427.2778
296.5 427.3889
296.5 427.5
296.5 427.6111
296.5 427.7222
296.5 427.8333
296.5 427.9444
296.5 428.0556
296.5 428.1667
296.5 428.2778
296.5 428.3889
296.5 428.5
296.5 428.6111
296.5 428.7222
296.5 428.8333
296.5 428.9444
296.5 429.0556
296.5 429.1667
296.5 429.2778
296.5 429.3889
296.5 429.5
296.4629 430.1081
296.3521 430.7072
296.1741 431.29
295.9607 431.861
295.7539 432.4345
295.5307 433.0016
295.249 433.5418
294.9037 434.0438
294.5 434.5
294.0962 434.9562
293.751 435.4582
293.4693 435.9984
293.246 436.5655
293.0393 437.139
292.8259 437.71
292.6479 438.2928
292.5371 438.8919
292.5 439.5
292.4629 440.1081
292.3521 440.7072
292.1741 441.29
291.9607 441.861
291.7539 442.4345
291.5307 443.0016
291.249 443.5418
290.9037 444.0438
290.5 444.5
290.3889 444.6111
290.2778 444.7222
290.1667 444.8333
290.0556 444.9444
289.9444 445.0556
289.8333 445.1667
289.7222 445.2778
289.6111 445.3889
289.5 445.5
289.3889 445.6111
289.2778 445.7222
289.1667 445.8333
289.0556 445.9444
288.9444 446.0556
288.8333 446.1667
288.7222 446.2778
288.6111 446.3889
288.5 446.5
288.3889 446.6111
288.2778 446.7222
288.1667 446.8333
288.0556 446.9444
287.9444 447.0556
287.8333 447.1667
287.7222 447.2778
287.6111 447.3889
287.5 447.5
287.3889 447.6111
287.2778 447.7222
287.1667 447.8333
287.0556 447.9444
286.9444 448.0556
286.8333 448.1667
286.7222 448.2778
286.6111 448.3889
286.5 448.5
286.3889 448.6111
286.2778 448.7222
286.1667 448.8333
286.0556 448.9444
285.9444 449.0556
285.8333 449.1667
285.7222 449.2778
285.6111 449.3889
285.5 449.5
285.3889 449.6111
285.2778 449.7222
285.1667 449.8333
285.0556 449.9444
284.9444 450.0556
284.8333 450.1667
284.7222 450.2778
284.6111 450.3889
284.5 450.5
284.3889 450.6111
284.2778 450.7222
284.1667 450.8333
284.0556 450.9444
283.9444 451.0556
283.8333 451.1667
283.7222 451.2778
283.6111 451.3889
283.5 451.5
283.0962 451.9562
282.751 452.4582
282.4693 452.9984
282.246 453.5655
282.0393 454.139
281.8259 454.71
281.6479 455.2928
281.5371 455.8919
281.5 456.5
281.5 456.6111
281.5 456.7222
281.5 456.8333
281.5 456.9444
281.5 457.0556
281.5 457.1667
281.5 457.2778
281.5 457.3889
281.5 457.5
281.5 457.6111
281.5 457.7222
281.5 457.8333
281.5 457.9444
281.5 458.0556
281.5 458.1667
281.5 458.2778
281.5 458.3889
281.5 458.5
281.5 458.6111
281.5 458.7222
281.5 458.8333
281.5 458.9444
281.5 459.0556
281.5 459.1667
281.5 459.2778
281.5 459.3889
281.5 459.5
281.424 460.3682
281.1985 461.2101
280.8301 462.0
280.3302 462.7139
279.7139 463.3302
279.0 463.8301
278.2101 464.1985
277.3682 464.424
